7223
1546
9452
2548
7082
4568
5375
3548
1557
807
2021
1769
383
293
676
426
3771
7907
424
5389
6785
2945
6395
9684
7277
3197
900
6553
3206
37
2928
7176
3391
4664
8065
9981
6204
4236
6318
7106
9438
788
8857
2399
8721
5025
1739
6139
7166
8917
8042
3950
969
4893
8533
1902
2247
6626
2479
2200
3014
7881
6868
2773
2544
143
1758
9405
9512
5769
9211
6672
207
2935
3634
5357
4349
5093
5798
2768
277
1745
3641
4411
4680
9490
6726
4589
2942
9787
3140
5955
4017
5218
6329
6181
136
2854
3879
4476
8774
619
7894
4270
2313
3532
9120
2221
5451
1332
3612
9137
6260
6341
3511
2343
3018
1851
3190
6351
1297
2681
387
5875
7898
2307
1473
4006
7656
6582
1596
2781
6581
1617
966
6117
2677
1658
9129
8727
6895
3655
1534
4449
6348
5400
6625
1866
7407
7374
452
1591
7399
2506
7911
4303
4286
5333
3911
8860
1674
4742
6799
8905
9819
3507
1718
2495
2996
1054
7066
2320
5382
3049
8672
3406
6823
6697
5858
2683
8786
287
3478
7204
5668
6977
199
334
1179
1644
3345
1935
1523
3250
8258
7693
7834
8585
6519
7181
2712
4764
693
4957
2176
4304
8349
453
2194
2282
2126
8005
6730
1357
8049
1112
9908
3092
970
1995
9873
561
1692
7748
9870
7472
5440
1285
1108
712
4765
8745
2731
4938
5299
1258
1250
6089
8493
3443
3256
6965
7799
3329
1928
1119
177
735
4461
6952
2729
4355
6632
2265
8582
4128
6833
2991
3499
2866
2501
3012
1611
1583
1334
451
2531
1048
3413
172
828
4388
7235
6333
7923
9162
2998
2573
6107
4109
3497
8977
1444
1901
7937
587
6811
5170
6707
5751
1699
8192
4968
2085
3835
2211
7395
6613
3386
3078
1608
2058
385
8594
6039
6082
1850
5482
4009
584
2456
5165
9073
8288
4205
4189
1634
4563
646
5555
8862
5360
7542
7999
2724
5761
1243
466
6422
8093
14
1560
157
4737
9019
2500
5206
1458
6208
5976
3860
1284
2239
974
3166
7334
464
5181
4774
1780
6561
9988
3757
6564
4477
1195
3568
1341
3538
8206
3108
4248
7862
3959
8984
4537
4683
7303
6185
9387
9712
7035
9336
1563
3435
5158
9849
2153
9321
975
342
1796
577
4600
1065
6576
7111
5550
3666
8239
6831
1680
5055
3117
7464
7692
3841
5979
6942
4713
7788
3308
6806
8296
4083
2742
314
2719
991
279
8327
3373
3899
1294
9077
6446
4295
7296
8163
3205
1756
3843
6018
40
4824
9187
1803
8129
350
3148
4115
1893
3455
1906
756
5878
1987
1317
2135
254
9756
5225
7489
1184
5610
3600
7402
338
4400
2858
6277
4462
4692
2635
5874
5867
8174
3079
3995
9691
6226
1221
5540
1515
2845
964
4944
8053
882
685
3760
5647
1819
7397
2148
3145
2807
1157
790
5949
3155
3409
1149
4229
6044
7602
6757
4217
7032
8478
3629
7099
6643
7594
1029
6374
8520
2152
1728
5879
176
8191
7878
614
629
4315
9301
1059
7281
9020
9314
4496
5853
6388
3807
1945
4481
2632
2464
883
427
5258
312
1197
4777
4451
603
2138
995
8100
4368
4463
6285
8433
3491
2759
328
7162
1010
8749
1586
1337
9565
3009
413
7253
5883
9270
1605
8148
8596
6229
7221
6751
4988
4487
2143
9713
4070
4754
2857
6760
4981
7755
2142
4823
5301
8429
4272
688
7146
56
8107
5775
5692
8820
2785
6830
7325
3738
2228
3948
3436
2602
7098
7808
331
2452
4868
3261
8075
4615
9793
2368
2012
2431
3357
1840
5563
3180
760
701
5032
1983
62
7686
7078
665
592
6416
1978
8637
2542
4445
2680
6587
5474
4722
4847
4410
7044
2017
5377
1798
5265
517
7192
476
4863
1858
9535
7292
6679
6829
4155
2081
2287
5334
1706
1156
1410
1514
4791
3586
1998
5617
3840
8184
2763
1678
8945
4263
8409
7856
1677
1045
1105
6230
9711
9418
7371
2732
7436
1545
8844
6256
742
6911
5325
2440
9943
9472
9312
2235
6756
2532
7813
5183
4429
7987
5539
8289
1921
9984
4046
9770
6360
5151
5961
6070
1941
3793
9501
8687
5727
5398
6740
4116
1000
6605
9899
1185
3811
5346
3664
2040
208
7829
1321
4886
1750
8847
3645
6544
1158
5344
7226
2549
7410
3325
8994
4832
9184
5548
7657
8566
4603
8885
4693
2970
5008
7569
9063
4996
1208
611
8468
9992
6907
7123
5277
5551
3704
2432
6447
7949
4582
1530
9543
4571
9356
2853
6427
1924
41
3258
2347
9728
2522
8136
9014
526
7566
8077
3571
2242
7155
4911
4732
3026
9705
658
5963
3692
6403
1007
2864
9548
9898
3042
1477
897
7102
8237
6194
7052
8671
6964
1892
6792
8202
3081
5454
523
4577
913
4110
8083
2568
4171
8495
777
2777
7882
2094
9351
2767
1845
743
4297
9656
771
2588
2666
5810
3798
7774
2420
4827
4280
9250
6606
7463
8304
8142
7394
7280
605
3618
3625
409
1302
1172
9423
9273
4831
4574
768
1877
8277
8811
5406
9468
8668
1797
9217
675
9497
2428
5184
1859
386
9277
1265
9093
3599
7420
1746
7519
5984
8489
8733
6728
6012
3956
6703
823
908
5516
9178
3157
1932
9953
7979
9812
9248
4974
8256
5096
9846
5918
1754
3224
3781
9370
1968
5399
1217
6414
9704
5640
6495
5928
3575
3016
896
1369
4995
1087
1543
4518
2740
9180
3573
2338
3393
5593
684
2828
989
5612
1707
5060
7367
5904
8731
5686
2187
252
7849
6710
9647
3953
2586
6550
7868
3124
1671
7632
8900
3710
8682
4183
185
4074
9115
3737
4121
2223
1180
9542
6844
281
3649
4918
406
916
3107
7560
3096
4811
6031
546
7242
4498
8972
9519
4087
3977
2380
4550
1277
6111
830
2032
4809
3322
5547
4907
6791
6385
9746
9575
5385
6963
3975
5935
9422
6573
9079
8869
3372
3434
4939
787
7042
159
135
335
4211
4696
1152
1148
9383
1023
2476
5869
8530
7074
2273
2371
17
9583
1627
8818
6893
2827
6454
2667
2024
3928
7963
4532
2907
7803
5285
5263
351
9825
4096
9652
6745
7351
2581
1270
4726
506
8348
8597
1957
3713
7915
1144
1396
5890
2463
9606
7974
2342
4154
2579
2062
4000
5125
2801
7218
2721
746
9912
2415
6251
9563
1760
7284
801
9739
4895
2819
1098
2608
4545
3829
6349
7668
6370
2469
4126
6532
8329
7992
2648
2270
3149
2999
6873
7144
363
2513
101
6086
8115
5216
9701
3744
5748
9955
2076
6657
4620
7659
8989
5245
5137
5337
8283
3295
7474
7589
3220
3990
3039
5809
9916
7694
9230
5527
7816
3817
6013
7077
9002
4493
5700
1310
8164
3590
8809
6168
8876
4394
3826
8260
6408
5315
2758
4912
7188
9318
9959
9244
6042
4345
6651
5957
8659
804
1844
4920
394
9257
574
6304
9242
9198
5755
4308
7219
171
6957
3201
1319
7430
5756
8147
6662
6154
5657
3849
849
1213
9444
9050
1454
8995
1052
9116
66
7902
3585
6788
2943
5105
3091
4164
2698
609
5442
3881
4348
4305
99
4360
5919
6203
7888
5001
5380
2119
8467
9636
9520
7910
7026
6479
3783
8036
1164
1516
2289
470
6645
8313
5503
3851
8942
8200
6498
1621
7617
6772
7345
3740
9517
1182
5118
6352
3746
9202
6406
2551
1811
8608
6297
1226
8783
7837
2774
2293
6509
1864
4252
2110
2984
3227
4212
2243
4810
8440
1073
1698
5126
5475
7514
1346
7959
4453
3624
53
192
9222
8090
3745
6196
1372
8933
4858
5065
8507
5073
1114
8046
1552
9956
4383
3521
1898
6118
4335
951
59
1787
8601
8410
5313
4337
1768
2621
1309
8742
5519
7690
5863
5758
2802
8324
917
4704
1505
8442
9777
2296
8812
1134
1665
581
2394
2567
6045
8465
2952
4259
8464
3707
9365
2362
2408
8232
976
8575
9847
5556
1659
7691
4903
8352
2499
9467
3055
310
7909
9183
8941
1036
6574
3105
5311
7533
7972
5851
8629
1125
1005
3470
3880
139
9710
4163
2892
3684
3030
7581
8564
6541
7852
8096
2523
6797
3914
4299
2475
457
5249
3716
6335
8620
4279
492
3213
4524
1298
1717
325
2525
3888
1694
3526
3500
4660
4271
2437
3708
4587
5043
2435
80
6545
647
2558
182
2257
5811
384
6332
1240
1024
3550
6290
2794
4709
1191
2035
346
5314
4086
1804
2410
8998
2284
6722
2987
4904
5800
6956
7287
1679
1734
8195
8729
9526
2664
6826
9744
7981
800
3918
4557
9997
1548
3501
6671
3240
5262
7506
9038
6851
7695
6274
7535
5108
5143
8330
3686
319
6523
1042
5824
9380
8754
786
8736
2752
4361
209
7124
9896
7214
3474
6244
373
9337
156
4733
3043
4541
4082
1133
4197
1269
4958
3828
7215
5213
9252
6708
2932
3431
9902
9645
7440
1581
6862
3399
6237
7216
3637
2309
5458
4264
1550
643
996
4225
2490
7727
6840
4734
6207
6825
3273
920
1239
1544
5856
2995
8251
7628
6087
3805
7450
7361
6725
4313
6269
4526
3506
6257
4298
9601
1881
8817
8460
6841
3733
2905
2751
173
2662
3955
4213
6991
5953
4879
1752
6254
1220
21
3293
4668
2637
2458
3303
7781
737
2272
5917
1465
2180
7679
1822
9630
408
4795
937
9367
888
2885
4967
3286
3204
6041
7230
9829
6357
9795
1925
1276
245
7930
1518
723
4174
1039
4896
1934
1763
273
5393
2090
5998
3933
3836
9930
2053
3400
9504
4262
6152
1004
3936
7201
8140
9937
6324
4179
4637
2097
7872
5531
3719
1657
3053
8282
6299
6676
6567
3638
3910
9692
6019
5029
4290
8027
4176
5111
2354
8716
4407
5066
6020
5194
5363
1785
2107
8038
7195
4113
6183
1395
3524
4949
1499
6049
3326
4910
2856
6148
2974
983
8055
667
7819
3758
1127
1917
4346
8025
5409
9561
4678
4634
1731
6030
447
8457
1331
1272
5561
4562
1274
8883
815
3080
6243
7574
8484
2034
3176
6002
6571
5046
3144
7924
6653
4268
9840
4473
5079
6978
8794
3253
5644
2115
1360
3937
2304
4184
5075
6393
5051
2860
4583
525
845
8946
1072
6915
4106
7001
4711
9005
7783
7154
1725
4998
1547
2647
3621
4363
3978
2117
7265
6694
5193
3328
2917
3822
3770
6032
1691
5224
6423
5734
6822
11
1336
973
2263
6398
547
4132
9171
6028
1399
2451
2011
2660
5571
778
3254
7760
2716
9940
858
1181
8089
8690
8396
4024
850
3633
5599
2679
5682
4440
4038
1891
8693
6300
8677
9479
7396
4307
6892
1008
3973
978
7153
5895
8405
3047
5860
9798
107
5261
8482
3775
606
4181
7798
9266
1246
3397
6159
5
4188
2044
2916
5614
1751
8915
8771
7572
5233
3017
1732
2224
4022
8222
3008
817
7148
6607
1429
7070
118
9067
4882
3718
8009
8642
6424
9673
4514
7707
3816
6119
3518
8722
9309
4194
7951
1930
2779
3632
588
6372
741
1777
926
8139
2306
1897
6784
6444
2791
9800
5646
5533
2049
8267
8880
4150
395
9260
9549
4310
3381
5088
7952
2177
7390
9388
7551
7647
6937
4659
9835
5576
5753
1443
6024
242
7926
4065
7879
1649
5595
510
8456
2114
2241
4034
6043
5636
3583
575
5757
4011
1531
8364
8734
7368
9021
3964
4085
3845
9127
2840
5772
5781
9797
7893
8416
1832
1347
5779
9032
1559
7350
9882
819
6063
7610
9417
7388
237
4395
9496
901
4741
7040
5318
4786
680
5085
9023
5936
5923
543
8724
599
5353
3441
4023
5419
3429
2577
3296
924
4018
1802
3728
1129
7990
4506
7346
3787
7771
3194
905
7754
1876
9132
2539
5567
4787
8830
7721
473
8888
2849
1304
7541
5511
6690
2363
2113
7006
6812
1034
469
4948
1222
5777
16
957
3994
7665
4414
4223
5964
8700
1997
5666
8252
5970
6804
8578
3823
1207
3288
3383
6531
8414
5246
9572
5937
5014
2137
8423
3304
5327
1061
7732
7348
4329
4069
2183
4312
9089
5591
7190
6379
4216
4501
7496
4051
6663
5816
9258
6711
6641
5520
9525
2266
6540
8013
8295
1682
805
6642
2978
3578
5196
1616
1381
3162
8643
5950
649
5986
2367
7182
2078
9334
3368
9304
4579
5273
8235
9657
6098
5827
4887
7765
1577
9612
1051
1286
4798
47
6578
1669
2063
5411
8353
4130
7670
6121
3349
4289
1026
7359
3484
7084
8870
7171
4100
3790
1137
2332
2645
8103
4149
8814
4621
6343
7820
7880
2630
249
6880
9189
2876
751
4942
1974
4665
1209
6278
6328
218
2165
2904
6265
9841
9466
7132
6682
1955
4247
9682
3454
5132
7129
4460
110
4855
2255
8070
219
7599
8701
6691
9086
2256
7660
3161
5129
8595
5989
6382
275
2564
1419
3174
7980
2189
2474
6
7537
715
3457
9300
9087
1062
6231
5509
1759
64
2401
3033
2351
1212
1206
4706
9600
89
4372
2837
2927
78
1726
8550
2739
8031
6870
4238
3593
9006
130
2590
2688
5797
980
3934
9102
8853
5929
7752
1641
9638
1578
8720
5866
3160
6293
3657
4122
3883
489
1333
5664
5652
9499
7815
5744
952
7896
3292
5068
2538
4567
6195
2918
7034
1463
9773
146
1313
1120
1371
6982
7342
403
8609
6263
9909
5737
2130
3344
8399
1675
6875
7842
8684
9027
9643
4714
9075
4806
9547
9738
4230
5282
5373
3126
644
653
8214
4235
6411
5329
6513
6046
2956
5150
3668
9785
4437
780
518
2644
7376
7206
4820
5732
8106
3424
4987
7119
8610
4253
3414
4746
3228
141
6767
1639
5980
4940
2897
3015
4233
818
484
7977
9910
2627
3850
6877
7944
5836
2841
7539
9463
4561
9741
4416
9646
2704
9994
3627
8532
9759
5877
2402
811
6946
8839
438
7792
3853
4232
5057
248
9745
6471
6899
3263
7975
6971
7547
5776
8378
481
9199
652
2743
5717
1173
928
3375
4442
8810
161
7443
1529
7638
1043
607
5252
5741
340
8662
8589
6161
5969
5632
2144
6189
3813
1368
1907
2439
230
6504
6463
276
3769
2033
1056
3773
2311
3957
8613
8547
7835
2960
7536
8011
8389
2191
7968
1153
6821
5275
2728
5384
5107
5667
555
4512
8062
5859
4057
2122
8257
5478
8346
7354
5003
6252
2872
5545
8633
6201
3083
5426
806
5831
6681
8109
290
720
6843
2264
6275
8066
781
7180
8117
2096
8043
6178
2734
4426
7167
6773
7504
1690
721
6705
3217
7446
1238
3580
7936
332
8920
9349
8323
5600
6090
1130
6418
6197
3426
6874
2939
2980
1219
703
3529
9721
2756
2230
945
738
3509
5801
5157
998
3207
766
1660
6616
8263
3611
5954
2592
890
5416
4845
4382
5072
7797
4175
7471
2881
3988
621
5444
1102
5176
3323
3370
8381
8436
5845
5320
7163
9831
5421
7207
493
3926
3097
4285
8271
1574
7252
5515
7121
4727
2804
3390
2061
6092
3110
9544
9493
5422
4552
298
4219
7197
6619
2972
8546
6970
3554
8923
9668
2636
5580
3890
3556
2733
7156
5933
5754
7439
3546
1192
3676
8928
8128
4068
6637
4139
7582
1090
2222
6534
1908
6354
8593
7333
758
8417
3319
4209
3023
8654
595
6678
6750
2414
727
2
5793
9231
990
4614
5086
7152
5187
7135
1981
1482
5168
5965
9315
9197
8850
6845
5560
439
6396
8138
3699
8078
3999
9799
7623
7948
6938
2924
6860
8899
8759
148
4992
9375
3394
7113
7865
4932
4915
4200
7562
8224
4927
9369
8647
7989
5173
4336
140
9865
3392
6779
7942
6173
160
5247
7051
3301
8986
5916
5144
231
151
7349
4421
4347
1049
8914
420
5479
2894
200
3041
4878
3570
1121
1077
531
6130
1012
5462
2145
1415
2595
7364
7049
2520
1200
3034
8483
8054
5674
2195
1
6667
6390
9706
7740
5042
511
5222
3825
6011
5715
5054
6085
5892
3900
337
2157
5230
2290
3456
2279
8616
31
2850
8113
5397
5456
1139
2695
5487
9085
4071
8156
2133
4296
9709
2407
3214
7998
6373
909
4592
2438
4517
5956
5358
8479
1175
8395
3864
5625
8357
4516
3471
7984
9620
8101
5506
7437
3106
5483
1329
392
4227
7756
2417
1481
4186
5987
5731
5927
8612
4444
9559
4210
3712
1537
7151
3647
1946
1126
5747
7062
7641
5492
3958
6097
7843
8510
8747
591
8502
1666
8187
4591
7830
8801
9895
3052
7405
9429
3310
5959
8882
2345
3422
1771
8779
7417
4570
4979
1147
5778
2197
5673
7621
2603
3997
8508
8056
9285
364
5544
9045
2424
8932
9907
4608
2625
8122
4735
9576
103
6933
7305
6967
1863
5189
7126
4324
9851
1338
8908
2816
8679
3635
7088
5250
2322
5468
7636
9933
6623
3179
650
7922
4080
4331
5219
3223
5553
9275
9028
921
7525
4459
9333
1999
2131
2811
3703
9225
6331
4193
9262
3904
8305
7208
2352
1143
7426
1602
8757
4558
109
5149
3541
2969
4775
4050
7020
2652
4528
3519
2821
6378
4142
6347
9782
4468
1155
6516
6407
4586
8739
8186
7666
6515
9723
2589
4936
303
5092
6814
5765
228
7671
3815
3916
7009
1788
4399
116
3246
6077
8800
3678
4721
7304
8397
4267
8619
4913
7444
5159
4753
9632
2509
4880
4875
3316
3260
374
6047
3891
2737
3562
5383
7655
5835
2411
6467
9765
7110
678
165
6365
138
2641
9200
4391
2986
8638
5534
6209
9827
6110
9644
8622
880
4431
4538
3203
133
6050
4556
3839
2911
8437
2129
3688
3671
7024
2045
2955
9814
3211
3952
6052
5830
1723
8207
889
2047
600
9584
1138
797
1589
8505
8511
6061
2315
3182
7118
7262
6951
1495
6419
5705
3029
96
3857
1573
2288
9177
8181
9729
3000
9687
3619
3450
5587
2123
4014
3021
367
2391
822
6135
315
9681
4401
1392
4747
4617
1055
5725
7543
6091
1727
7147
5210
5541
2888
7258
9483
1296
8462
282
34
3607
903
449
3102
2355
979
3921
863
8944
5331
8621
305
5453
9854
932
3896
4700
2327
891
9717
2491
2231
6027
2701
4058
6834
6345
4548
8051
1266
718
5814
4168
7033
51
6838
2920
2388
3496
2950
1712
5287
8004
3842
2613
6856
1549
5764
443
612
4151
3365
6336
3309
598
1475
3063
4698
6998
4676
3327
987
572
6124
6319
1452
2619
5094
6358
1150
9570
553
2770
3848
4840
7769
623
4599
6958
423
3706
3330
274
3827
4141
7702
3114
9971
3395
3384
7938
6935
6298
7885
8650
1773
656
1947
5147
6219
731
5228
6337
4690
8832
5297
7283
9932
7249
876
2457
9037
9641
3339
71
3536
7744
8676
6163
435
7780
8918
911
9185
84
5341
7853
1174
4688
9864
4590
2754
874
8199
6144
1434
4182
2443
5023
785
8212
8435
105
9325
4066
1613
3762
5870
4598
5522
4674
441
5417
6656
2406
9588
6734
6433
9924
7306
6296
8406
7116
8463
205
7587
7571
9703
8064
8859
1753
3865
6158
5004
7293
8982
3354
3613
7724
9686
1597
4423
1856
9920
554
7550
2891
6966
488
2425
929
6864
2684
1874
4601
1810
2025
1474
7675
4482
7790
9784
3821
892
2385
9124
3289
4048
3545
5153
4384
9528
6026
642
8386
6258
9837
6794
6733
2571
4870
8625
5295
5660
2075
201
1911
7054
4148
9360
1289
8744
6629
3449
4443
1793
3846
4853
6687
4685
1363
7588
9947
3066
3299
4143
6673
6718
9545
6400
3134
8973
4206
7404
5619
3473
256
6666
6441
3747
9816
6987
3085
5995
6555
8058
7145
4251
808
5045
618
9256
7468
6055
9671
6322
589
2080
7573
3352
1821
2030
1198
313
6362
4385
1996
683
1952
467
6215
4874
261
7945
7089
8674
1740
886
1275
4160
3582
5494
1848
3947
7433
7736
5771
7978
3653
9857
5198
5466
3989
125
8446
8116
5726
7487
9053
7454
6007
9294
1312
2790
8131
1447
2518
3277
1700
3154
6401
5476
5639
6033
8211
3387
4446
3088
826
8894
1812
4079
1628
1271
3626
5211
7875
3430
7546
5439
4102
4250
713
4835
6109
7427
4165
1188
3320
3168
4133
4767
4622
1923
5608
6570
5405
3675
6342
6001
6115
4922
6805
9047
690
8797
6177
7607
9637
7994
5338
3682
6355
2651
6770
4261
7358
4523
1971
4627
3576
2100
4504
2643
739
8831
6313
4931
579
4067
4137
9990
3131
1142
9420
1106
6487
497
2134
2938
5662
5601
4852
429
6939
3528
8034
6552
9105
2861
5047
8177
2099
5180
5896
4364
3658
9155
922
1393
8332
6925
1748
5388
7203
4807
1926
2383
1894
6145
5080
6500
906
6283
4819
2530
1471
4901
3178
8120
6253
3869
2624
9220
2462
930
3961
4365
9832
9678
4760
9842
868
4978
2694
8513
8770
5583
2059
6104
1724
4484
8029
38
6267
5951
8123
2193
1413
4404
7995
3380
3806
1501
2963
6025
8879
28
1225
2703
1899
6100
8358
3945
3709
8022
1117
3412
5031
5115
2812
3674
8649
2147
4708
9
8445
7585
1230
1440
2120
9441
3503
9311
9950
2291
5067
8144
5050
1686
8577
3094
2178
6934
5328
1729
3764
5584
7630
1352
3858
6717
7319
2278
5034
9714
2574
6262
5910
5109
6692
5903
3814
5269
5589
88
8822
8487
122
1784
388
189
2961
356
2921
1914
1942
7800
4166
7183
9453
3602
9602
2560
2778
4644
8398
4921
8561
3837
8284
8137
7873
8449
9567
3070
6716
5704
5037
5121
809
585
1306
9095
3723
8570
7953
5015
7904
7282
1223
7877
1799
9894
4850
7200
3897
5120
1421
487
4884
6882
4543
2702
9378
4789
1642
3943
2609
5076
686
3420
2396
1170
3494
4865
5630
3752
8738
1097
4204
7776
4794
5087
8821
6485
8554
2003
9769
8971
9096
9807
8756
6884
7047
2612
4428
8293
4455
4027
8514
5339
3681
9810
8527
9521
4527
9862
4293
4322
6890
9790
2019
4651
119
4677
4039
5794
2915
4646
7232
1967
6157
4982
5906
3786
5773
2720
1216
2460
238
271
4502
4969
9215
5270
2783
3898
7518
496
875
4475
8959
4636
9118
6916
2448
5746
7000
3175
748
9843
3777
3036
5465
7859
4063
1846
2914
5988
2919
6014
784
3115
9874
7286
7530
7593
8762
2951
1715
5182
2054
354
3547
947
1187
8607
6164
2150
7714
4041
6180
8856
7718
1929
9216
8132
6919
6344
3485
7431
3486
25
5256
3906
2494
962
7448
1459
7932
6999
2277
3701
3013
3460
4905
1823
7185
1387
5940
7511
3003
8536
4158
853
4839
8063
6729
3971
1714
2824
6610
6317
2600
8930
9130
8784
6221
7071
463
5549
1490
7321
8845
4970
5629
5603
8380
7741
3569
5787
1958
5862
6917
8383
9802
6141
9254
3792
6057
9069
9433
6486
7248
2492
5620
3284
2893
8829
4572
6327
5362
8180
1910
8373
5803
7563
3909
1749
1068
9192
2269
7764
2620
9730
514
3294
2446
6281
4035
65
4101
4993
9903
1626
8026
288
9307
6430
5993
1988
2478
641
5381
1526
4667
1606
4159
3121
4420
5322
4890
7527
4749
9931
4356
9233
7478
4594
812
2092
2669
8498
5825
709
2314
7466
3069
9436
5420
7791
5968
7479
796
1081
6288
345
2601
3615
6931
682
5428
7561
7109
5655
4466
2953
7884
3477
4725
9748
3244
791
2906
5238
2170
4900
8016
1305
2447
3502
9066
4202
5123
5177
7680
6628
407
7822
9402
7870
3020
4697
6566
1781
2051
7801
6394
5703
551
6499
1554
4191
3856
5579
3838
35
5546
7092
9140
4675
2493
357
8867
1202
4245
6546
1118
4370
6034
253
6520
8155
2745
4935
5095
4894
1218
8428
8475
8956
8102
2212
2333
7947
6747
2965
9922
1667
4635
2365
6455
7568
6431
5469
8153
6995
1806
3271
5670
4770
1648
8541
4564
4135
2079
3736
1038
7631
3116
7312
616
3735
2043
4923
1964
7225
1826
4054
6661
5131
5907
6326
5618
7012
5650
6451
1772
3517
7983
4778
9772
5669
6713
102
5038
6793
8300
6695
1431
2975
1895
3451
6434
4717
7308
6505
1058
8431
444
6303
9415
2517
6171
3871
2171
3163
3756
4366
6732
9855
538
9700
3779
1292
3164
405
7103
1571
8170
2836
3597
9607
9830
9869
432
6241
6590
1553
72
1900
9049
1320
7515
6015
5020
7243
3941
8306
3367
4019
2358
5740
9722
5424
4488
9663
67
1017
5081
6211
1373
8218
3360
456
6399
2082
3679
6712
4751
6533
9881
5791
5605
292
8969
5162
4889
2174
7127
1612
7805
4467
2154
142
779
9214
5136
8318
9308
2848
8452
8485
3062
471
1931
5012
9457
5967
8178
95
3592
2455
8976
8104
662
9440
6448
7398
8758
9926
4362
4381
4239
6583
2308
8940
9664
1264
9071
2887
6739
4026
9939
5570
8407
7917
6735
6949
6363
7341
9488
8861
1479
9186
7613
5197
6102
700
6714
8963
302
8111
353
2318
4533
1805
3221
3698
7570
7490
4670
895
6897
3566
3279
6006
2640
7777
6193
7696
2776
1301
4797
8907
4745
9564
6375
6927
8286
2349
9589
5319
5578
8780
4955
6898
8919
6724
6404
5190
6384
7403
2798
9507
8340
4025
5293
63
8384
687
829
2339
9329
3863
3902
1730
9203
4500
8050
1882
93
7038
8975
8599
8966
8311
8161
1737
7501
2112
9751
9350
2292
23
5786
6658
6609
5009
8254
8024
5164
3423
5985
1661
1702
5507
4976
3717
8828
9406
6475
1764
655
5449
3720
1504
3019
9836
5022
775
9287
1651
9480
7604
4509
3487
3138
8628
5994
3669
378
186
9696
9160
8927
9076
1689
3318
7658
9743
6774
2959
833
3852
5303
1124
630
3946
2565
3596
2693
3231
5982
1249
7298
1408
8803
4990
5455
4489
877
1565
9886
9447
5323
3307
6514
4393
7794
2985
6131
6906
22
5708
9879
1427
4971
2902
8666
5575
8696
9731
4377
4573
4814
1035
6547
9917
7993
421
7804
436
7076
7220
8316
8108
7140
6820
3660
7473
5140
6150
7170
9697
5401
3177
9986
7996
301
919
5471
2378
1867
5011
2323
7874
4776
4198
5267
6832
2299
4769
7960
6190
9783
1938
9033
1364
4828
7861
1587
4470
381
9357
8848
6828
3269
6866
5485
7931
6165
7934
7717
8611
6224
6056
1041
97
3986
8085
9084
9328
3598
610
5645
4330
4605
320
184
8309
2782
3038
1878
5122
9243
7565
9675
2185
9251
6928
4534
2803
2868
530
8902
3241
9815
992
9762
8215
217
3544
1189
8962
7425
1171
7456
2002
6136
4380
1620
7255
196
6562
2901
9297
8006
4947
1572
4522
2325
6660
1311
3082
7340
8556
872
4486
7677
660
6522
5317
9905
7499
9758
6166
6069
4040
6149
459
3351
5284
2116
5407
8185
7806
4226
9871
824
1656
3809
144
5697
2229
9556
3216
1411
8209
3985
1522
4375
7055
6865
3623
9890
5939
7713
5675
7233
211
1101
5868
5016
7007
8342
7030
524
3264
7263
4317
9371
6622
2813
9267
7010
5689
9999
560
2545
8266
7191
318
8926
216
2982
9662
4805
9150
2182
4965
5745
5309
5784
7637
5901
9487
7381
4246
6644
4643
2087
3763
9938
3448
7459
8069
3280
1828
477
4015
8234
8517
8667
7159
9934
8816
4503
1020
847
7013
4812
7933
9159
3341
3084
2042
197
7261
4277
2556
2442
9486
3833
4597
7639
3321
9923
9395
4630
8171
520
9114
6614
9989
8344
168
7025
5795
6627
2199
7620
106
7462
4803
5938
7521
8404
8846
3006
2372
7954
9290
2748
1342
8549
2418
8698
2562
728
1684
6701
6239
8557
2470
6228
9532
3591
7928
7108
8979
3938
2582
8135
9631
7093
5500
90
1183
5638
8176
7827
7475
5723
6450
9459
9058
6746
9918
5445
9299
4994
8438
5538
3931
4485
2382
5749
8361
5276
8911
3469
4544
8881
4802
950
1744
4596
1291
887
7611
6443
9322
8351
2570
5559
5286
8190
3531
6155
8526
3661
6593
3346
7597
7239
7288
2875
6410
8480
2870
2587
8661
7554
2245
8921
9792
6371
7142
8060
9737
1789
4975
1604
114
3089
202
3808
706
9648
7419
1852
2964
2690
9764
740
5615
6689
5452
9818
6997
1738
5656
6776
1814
8935
2610
7512
8302
3076
9806
1135
5356
9578
8761
2205
2746
10
7958
8863
2403
9694
2717
4648
6615
5596
5696
5221
9111
6493
8715
5312
4609
7441
5623
181
2810
6279
5244
5671
4403
6004
7050
2335
8326
9477
2023
6910
9320
6858
2346
280
9103
4602
1696
5739
4817
2665
4588
8703
556
2136
368
8773
754
6655
6754
9822
4857
4937
54
5061
836
4045
9424
52
7401
8849
3291
2563
7886
1493
5430
6988
2555
2233
7497
7818
4147
7004
9327
9921
8743
1610
8952
7921
2248
9789
8143
999
9941
7149
7075
8152
5733
1966
4752
6624
1963
4837
4885
6521
7590
673
949
1500
4628
753
8231
9642
4412
344
1037
3561
3128
677
2317
1994
6466
3609
8008
2412
9478
7720
8499
864
5978
982
2930
5457
4655
5413
7758
183
498
7965
8486
573
2873
6021
8018
2481
9012
7579
5435
9138
5391
9719
6936
8208
1385
4943
6796
5828
504
4611
6795
7096
2865
5564
8819
9470
7027
4813
2971
1064
6123
5027
2244
2766
2010
5911
4222
5248
7522
8685
8390
393
5819
6620
542
1849
255
3854
2139
9253
9206
8039
2055
1074
9948
8630
5884
4430
661
5082
3060
9733
9331
5616
7811
8540
9952
1598
8402
5021
7529
8169
3801
8448
4089
7704
2954
3417
9622
8588
4196
4743
5058
5759
4593
2214
4281
7612
3265
9823
2585
5436
5271
6527
1783
6857
5945
9237
5701
5588
2594
417
2727
5279
9278
4309
3305
6292
2433
5033
5714
8837
5097
4624
9491
4059
3453
770
7031
2261
2700
8133
4666
2521
1177
6101
6698
6291
5634
8751
6058
5687
988
5865
7318
8858
8974
9259
5857
9172
4021
7355
681
12
6827
7635
1031
3122
7241
1145
4520
3800
6560
9615
8082
1709
6470
2997
6415
2106
2430
3991
2524
9462
3219
8086
9010
3356
2890
635
8936
4357
5839
3875
4276
7577
4327
2073
567
9249
7179
9345
9970
7596
316
733
507
9975
7043
1224
6153
4633
8587
6387
714
8748
9629
19
1637
2459
8366
5403
6996
6402
4539
1618
1420
6885
9153
306
2793
3604
4684
7114
2302
478
6176
6405
6199
309
852
4977
9147
9503
2962
2780
2297
9979
8363
6452
1831
3072
2908
9409
4790
4095
5099
3998
6529
6640
8704
5934
4300
717
2227
7424
8217
1556
7053
6603
1067
6000
4353
6871
5450
8728
5330
6225
241
9232
3820
5367
2356
861
2005
2027
4650
1146
9131
8127
831
8333
7139
2638
6709
7669
1887
1376
8182
2376
4964
73
8627
7438
3415
5524
2663
6855
6081
1865
5782
2070
4554
2072
2505
2899
9476
5434
528
5609
1353
7
4551
2319
3552
6311
8124
3005
8028
2988
1398
3695
7322
4867
5259
9455
4373
2324
4529
1303
6688
8531
1884
4755
9007
9530
4274
5441
5390
9901
4012
6908
2689
115
2566
3780
8656
6945
5103
9482
1719
4146
9980
7061
4899
3784
8916
1736
1558
3617
3011
6266
7683
2275
4301
4438
5735
2077
3376
7967
7817
3427
8285
3283
7493
401
7259
7697
1409
2654
6839
5185
7505
5881
5838
3559
6174
3490
8255
8949
1015
6036
265
8871
2862
1855
9893
8825
6800
198
9669
9897
6137
8512
5205
9689
6596
3505
5852
4359
4788
8840
4208
8776
2622
1643
3743
48
1088
9964
9598
7003
1837
699
4033
4105
1450
355
1288
4376
1231
8172
9009
6435
6214
7509
2656
8965
246
5251
615
4020
6206
6054
4032
1502
6284
6685
2416
4535
2086
5102
8516
6969
3940
6536
4629
8244
9492
7254
7314
6142
9853
7716
569
2749
7941
8992
1104
3463
3248
1279
8385
3894
6009
6727
8000
4663
4699
6575
3382
2159
9878
3513
3567
7700
454
5463
1841
166
9838
3212
8033
3313
6930
9685
2994
8681
7294
372
2929
5130
7650
7825
1533
2305
8126
8114
4088
7654
244
7734
7081
8370
8068
5447
8315
1485
2125
8542
5473
8886
2623
2934
9848
6294
6330
1013
2617
2958
9029
8670
26
4930
732
5633
2878
1190
5569
5887
6076
416
299
5493
30
918
6075
6528
81
9379
8835
1873
1685
6048
6639
4199
8121
8534
5288
1424
1903
4358
29
9913
825
8890
873
3061
7301
9161
6591
2014
2156
6876
2274
9720
3156
4338
6568
527
6861
3118
3464
9771
4842
7157
9667
7285
1933
7708
7453
9591
4953
6771
6060
6944
4946
622
9407
4156
4738
3932
8076
6240
9083
6223
2409
5220
7237
2992
3191
1384
2357
2387
4762
3476
7370
8841
7309
7802
9343
3967
5842
2670
1807
631
907
5272
3965
8948
1281
8472
2543
2163
710
2755
590
9489
7094
2535
1448
5127
7310
7807
3949
7409
8827
3929
6250
8001
638
2088
6212
3058
7927
153
3794
7534
4273
8477
1057
5154
7699
2219
4004
9209
1710
2642
8697
963
8455
5514
2699
8713
9432
1953
5491
5812
9108
7524
324
55
6114
6306
9386
6280
5709
4492
7851
2944
9960
7601
6803
6492
7383
7883
6887
1389
3782
7943
7344
9119
5821
431
4929
9141
9993
5958
3557
6758
9372
627
7198
7985
6543
580
956
1652
2771
7796
2705
9442
336
5242
1619
8614
5104
9660
4387
3169
9639
6442
5366
5788
7644
2029
268
7363
92
3654
9962
8265
8355
4129
8539
1022
6022
1883
6993
7640
1599
843
749
3969
6631
537
1575
6359
6460
7969
123
7735
8523
9485
3670
1508
5114
3366
1308
8891
1021
5024
6816
6889
6517
6922
8044
3139
2552
6426
1323
3404
1568
7224
8198
7609
5354
174
9552
2709
9676
1770
2626
8584
8791
5948
4540
6103
3804
2089
4909
8408
6647
8047
5730
8434
814
5722
1940
7469
941
4991
360
6220
6126
550
3942
9834
8877
1169
1210
8447
5706
6071
6320
3262
3563
4782
6762
1078
6480
15
7507
8469
2374
9757
6099
4390
955
1154
4756
5227
2155
3410
1937
8789
4413
792
1905
9057
2103
9884
2167
5431
5142
5557
5931
7662
6704
1359
9261
3648
6853
1390
3691
5635
7217
2369
3984
6380
2511
1827
8651
1483
3183
1542
7711
3226
8081
8799
1992
9750
4691
7058
6339
4945
8189
8281
4989
5690
1453
7584
1244
1794
7508
9828
7068
1704
767
3421
9302
4187
4902
6132
3198
7652
380
8563
4448
365
9449
3419
6249
8098
4999
7347
6594
5806
8197
399
6302
5902
7920
8097
2237
4673
4257
3141
3970
9454
5448
1498
8250
8450
7138
9354
6824
5718
7022
6715
9353
9346
3242
2852
1670
7372
7855
5355
6381
789
1245
9064
516
9306
2466
4750
2896
3247
75
7495
9824
5071
5920
971
1509
5848
6506
5552
251
1614
6143
1842
2514
3516
5404
7586
9145
7555
7005
7559
418
3868
3919
5767
8623
8746
5921
462
6684
1871
1442
1507
1540
4610
9695
210
9550
3439
264
9839
2741
1720
2923
6786
993
6484
362
6849
5653
5412
1809
5658
4374
7087
9972
8872
9410
2769
7445
7538
6601
152
9996
6507
3004
187
9326
9091
329
8422
1417
1033
5202
9352
6525
7477
9011
5178
8492
8573
4928
3889
9655
7482
8775
398
757
2208
3886
8706
6850
6565
286
6778
5900
7037
5762
2101
8500
3037
8645
3153
6801
8145
4607
5410
3335
4275
2708
4826
3278
1193
2184
2714
8343
4144
2267
2404
9651
5077
5641
113
5041
5872
586
5535
6959
5106
9727
3285
9139
2657
2008
5074
3788
448
1211
9052
1340
9892
5685
2210
7887
8280
5280
9133
4170
2502
985
1086
7158
4859
7488
7264
2909
3887
7575
5837
6264
4682
7685
1386
4821
7392
4695
4507
3235
227
4005
5999
8158
7131
8303
8991
3665
6983
3803
32
4316
2596
7772
7107
3475
1083
6222
6810
126
7014
5152
3628
6246
6095
1885
1377
2839
3560
8204
6494
5019
4784
5148
705
6790
571
5501
8045
3378
8157
6198
4715
2036
1890
4873
2940
2048
5518
904
9680
5942
5554
8368
9531
1232
2925
1880
3402
5496
1123
5924
8579
9779
9164
6863
3119
2181
4854
8125
8855
8476
954
5651
1229
9276
9431
234
9106
7177
3525
494
6169
330
782
5943
6397
2661
1370
3944
4631
5156
9342
7753
9465
7173
2220
8960
3340
9090
9036
6731
4260
9627
5000
7302
8506
4771
2820
5059
8179
7276
8641
1455
3935
7698
3044
9035
7866
8080
2344
549
8938
5817
6421
9144
6323
442
1082
7036
9182
7618
4546
2169
7914
9649
7125
8635
5642
1262
8778
851
8793
8367
291
1186
2361
1131
691
9274
8345
5013
1449
689
3778
6668
4161
3272
7905
404
5905
2844
6113
9330
5719
593
4681
8196
2465
5566
6979
2877
1014
1464
3268
6282
6954
5212
3123
1002
7231
5018
3046
9117
2149
9013
4973
412
597
668
8360
7761
3031
6147
8864
7762
1778
2797
1513
2973
9190
94
8401
5414
283
6314
3855
7434
9471
461
2817
7583
9665
6723
4192
6542
9856
2537
6819
3103
6310
5291
9936
4924
4379
6233
7380
214
4480
1089
311
347
648
134
8768
8205
7646
6112
5574
9288
8419
1214
6846
7678
7335
7871
1080
6989
6366
8648
3363
1622
5813
9942
7353
7338
8335
7415
3872
3878
3064
9500
7749
7684
3001
9310
1743
4641
3767
7133
5200
7041
5364
8725
8901
1985
2685
8
7745
5110
837
7739
5070
9603
802
5294
9303
1161
8490
5850
7649
841
3127
8955
2507
3150
5822
4934
9194
2006
4321
440
6200
2226
5763
9763
8664
8216
3388
1335
6888
6847
9983
2818
7908
7250
509
4508
6693
2359
9056
6321
9586
2659
8790
8160
774
100
6809
4284
9291
8496
1872
2576
4785
4483
9109
9094
7608
1404
419
1095
1813
1085
3077
2151
8680
6187
6270
3245
2069
6439
3884
7063
4851
3885
9166
3642
5665
5914
2050
9775
5823
3185
7452
2381
5659
2795
7018
7689
4530
9228
3132
2710
1711
881
4497
1484
7485
4081
8012
6003
9373
9551
5712
4180
8802
4963
9088
2262
1379
5179
5826
3337
8095
6392
5396
7643
1683
5133
9098
1472
8525
7085
9279
3232
1774
4822
5861
6465
6664
915
4408
7414
3181
9718
4877
1944
632
935
1716
5226
7809
8626
304
6535
6305
7651
232
6259
4679
6886
7746
9018
7136
6429
4228
5523
1629
8795
1755
3520
8099
5425
3514
9887
7847
9030
9752
7935
2162
9904
563
4256
9048
2246
7160
6896
6138
5628
8162
6766
3601
7557
925
428
5525
6106
6469
4043
1060
5304
5893
4860
729
5163
3312
9580
1991
6491
9401
7278
1168
7236
1949
8543
2715
6059
4862
2764
8755
9134
434
568
5146
4686
4003
3976
5820
3281
9661
3432
6763
3024
2164
9539
867
5721
8600
4569
8382
8792
6383
9004
1326
3540
9585
4759
296
5292
169
9174
5930
2489
6526
8320
1776
7779
3433
5234
3572
2936
9054
2510
5871
6238
834
5996
4153
7327
7458
9316
4283
4439
7375
1687
9100
5266
348
1875
7768
191
5335
9573
5305
4883
9761
9553
2037
1241
7759
243
2722
4701
8663
4269
2328
3866
7273
8854
2606
4318
3199
8167
7279
4954
7046
9968
3992
5443
7940
503
7336
2867
7270
7090
5368
3200
3799
2015
3347
1492
2007
8491
3927
1927
5606
9540
1253
9112
149
9113
6584
1263
2026
2882
9340
4950
9142
9654
3109
2898
2611
7330
984
8019
8308
3862
6478
8403
8639
745
3791
4396
6066
8159
9265
9670
9683
879
1918
3090
4531
8112
9059
2512
6236
4549
7814
2966
3336
4926
2550
617
3186
4555
2989
3749
1989
2074
3690
8175
9414
7725
9863
9339
5530
341
8166
8730
4724
697
8319
3802
5139
490
1567
7143
8279
5268
3603
2216
1607
2488
2473
8310
8334
557
9889
6900
4672
3750
7317
6458
7366
5992
7324
8897
8441
6648
6218
1862
9640
838
175
9042
5113
2931
4010
5138
7393
4719
6235
2192
9464
4959
1519
4730
679
1708
6325
321
512
9805
894
7833
7247
7962
1486
9025
7378
2883
1278
4340
5308
5796
2977
9218
5598
711
4962
400
5260
8686
6807
1480
9708
8376
1016
3727
8321
2757
5188
1273
1300
7828
9008
4001
7400
3523
4094
8904
7606
3165
948
8640
2843
759
2871
6743
4409
8017
4671
4092
5208
7971
1977
4060
396
258
1053
8443
2900
1478
5186
3724
566
137
7169
9425
5171
7558
4427
9323
6817
9363
1829
6167
4190
7015
552
7743
8420
4306
9925
9514
6554
3401
5833
4344
1640
9078
9813
1532
1536
5091
4916
5743
3656
8444
3913
6598
1860
5841
6677
3385
3445
2095
1584
482
855
2203
3311
3130
1539
8675
6287
2933
6706
1818
9154
8657
7661
7069
1322
3748
9715
5766
9024
6738
7970
1853
4961
7227
1951
6428
8892
8826
4265
2179
1436
7751
7423
6669
4888
6902
8824
8059
9313
9557
4505
8521
6686
9123
1757
8576
1886
5480
9016
1141
844
3059
6992
9236
6972
8350
3361
8887
5191
4320
4093
7484
9611
18
6780
8741
215
3458
9223
5477
485
8924
9110
3650
3693
6548
9579
458
795
3396
193
6367
4645
8785
3358
5278
3251
8673
4491
9613
6975
7778
8842
2597
5290
3768
3057
942
4118
1063
3302
7517
6769
9688
1234
2830
224
1162
7072
719
7961
7373
4469
6067
120
2993
289
4513
1870
8183
6457
2477
899
2444
7332
9188
8272
9434
2675
5663
7008
77
3630
6665
1922
7956
3584
6985
7701
9282
3907
3631
583
2286
2874
5805
8760
4319
8249
222
3075
2761
7991
519
866
9235
7625
3437
3558
4311
6955
9967
4773
3113
7839
3324
3622
4218
2225
3751
1962
9271
5983
4436
946
7615
8453
4425
3725
8105
9914
4872
7480
9080
8379
725
8248
2250
2201
2276
1428
9804
4125
854
4367
7300
5116
4405
7516
8294
707
7268
7564
233
7428
4140
747
9791
2281
7531
776
2186
664
2508
8400
7229
3129
9978
5408
5281
8201
9484
366
9702
9240
2823
4881
9524
5613
9196
7060
2384
465
972
4241
7710
6074
1028
8341
8391
4114
475
9900
3796
4398
9616
5298
1965
9593
3510
7616
164
9000
5738
7899
7187
4323
79
8067
4352
1079
9272
7950
6245
2472
9394
486
9883
4908
7465
7687
9505
8354
7275
5119
7164
8574
515
772
4145
8893
4740
2711
702
3152
8604
9826
5909
6273
7892
4328
8896
1551
5175
1468
7869
9860
7260
9170
8356
2604
2039
7491
9961
5464
9475
4642
4447
127
7210
8261
6563
7729
505
1247
6783
884
9247
7845
835
2692
8740
8041
1047
8515
3925
5728
8374
9400
5215
2796
1820
669
8032
8223
4342
2646
5010
5702
6005
7775
7860
4897
3359
3332
8655
4458
639
3543
5621
4618
8337
9522
1069
5711
1973
5543
9690
6960
5565
1318
8788
5997
6391
6488
2775
7011
2340
1362
1676
9055
2981
6617
1576
8598
2633
6440
6481
4951
1735
8951
7556
2784
602
6737
8375
9227
9226
8014
3533
7997
6128
1625
9051
4728
1365
2398
8362
1697
2161
4243
7369
1196
57
58
7193
6386
7323
4013
3689
4783
6172
3446
1280
111
4078
4796
5498
939
2884
1433
2730
4325
4580
8227
8694
4861
4723
8985
371
5039
391
9143
5661
1815
8691
1980
3639
8118
5693
7291
5915
87
8605
9747
6461
3468
2686
6307
7634
5694
8226
5296
6984
9982
7520
4333
4748
7274
221
7676
9776
4575
5302
5832
4077
6065
9944
4107
4559
1441
3765
9558
7360
3776
4435
9957
4417
3314
6755
3489
6464
3700
9068
8943
3257
1817
7513
4073
4565
7385
6364
1140
3824
6062
8299
4002
6234
3428
7079
8347
1151
7175
3530
6537
8708
2616
4052
2350
5716
3915
821
5300
1469
5098
7356
1838
4278
9861
8980
960
1782
8912
4763
6133
2377
608
2808
9906
1638
8426
369
1833
8652
5376
8968
343
4919
1835
3086
8537
3290
6557
7331
5581
4980
8939
278
5461
3465
8151
6700
7627
8388
2064
5064
5843
3306
981
5243
2788
2295
6980
3498
6072
7876
8412
3416
91
9954
76
9852
2429
3754
9866
3095
3287
2838
5684
4326
8418
5536
8910
9403
2102
3462
8488
8466
7406
8301
8544
6473
773
8815
1462
1592
2370
3187
9332
7337
5415
7120
3966
4966
9927
2329
9516
9121
39
7080
4454
4816
3098
1954
4389
4169
6192
9876
620
3389
9725
1040
2792
8964
7553
4351
1595
9458
5678
6636
3818
3962
4612
798
6815
4585
3317
5028
5834
7823
5347
8925
9412
8424
358
5459
5699
2336
6586
9928
8873
6634
763
8958
6604
3589
9092
8913
7793
1242
1159
6503
5508
2926
9391
229
9608
3267
9212
7832
7168
9734
2673
3972
7916
545
9175
3651
7451
5736
7467
6781
1693
2949
6040
1615
9533
7831
1713
3438
9173
7552
2787
9494
4185
4433
2540
1402
3068
8471
734
1383
2515
190
322
8572
2786
2834
6881
4434
5683
2060
6633
6125
3508
9699
8836
7598
7688
1939
9158
7365
9157
7476
914
9582
6872
3722
9546
6496
8079
1330
2968
7624
13
1766
3732
4314
5529
7682
9766
1414
3355
376
6436
6524
9411
3073
1457
7199
9581
2449
9653
479
9754
1590
9149
6777
2172
204
6312
9376
9241
3208
2561
425
6477
1227
4339
4619
7786
9780
1116
1460
7500
4576
294
8023
2104
1562
7567
1348
8154
3350
604
6425
8999
4638
5804
7906
726
9385
2691
8270
9022
4419
1775
1503
3234
377
2497
3616
2559
943
3238
7784
8387
4406
6926
3010
8432
1491
6818
7481
5392
9911
9885
1344
8307
3071
7785
3452
226
8592
7663
5840
1397
9735
5467
8644
944
1647
3683
9987
5672
195
7766
2083
1569
9919
2829
8702
8571
744
6741
8665
6120
414
502
1609
7245
1439
7212
9833
6073
5807
4652
9136
5048
7973
6122
9749
3407
1351
8193
2851
1636
994
2639
1843
2941
578
5649
6592
5395
923
8997
8717
1109
3236
8834
5089
5932
4255
2454
3120
9625
5437
8287
9534
2553
3374
3403
9362
959
2674
1091
1779
9679
6659
634
8481
1489
3045
9122
8967
3255
4029
8707
1099
8010
5977
44
4178
558
3534
8173
5365
430
3270
2298
9481
9966
977
2252
2815
3342
9666
9317
3210
154
3963
5005
9234
8823
9945
8632
10000
9817
7578
455
8314
269
1646
6188
9597
7857
6217
5257
8552
8813
6356
9044
3605
4766
1339
8007
6654
8203
8772
9502
9003
9101
5594
7104
2910
6412
5207
5592
1236
5192
695
1879
8535
893
4457
3482
1960
9292
6556
5084
27
7540
2209
1076
9560
755
3714
2348
9195
7130
1456
4712
5973
6941
8146
8220
1451
4452
8878
1800
1984
2071
1293
5542
5310
3696
5240
750
1635
3832
539
155
1786
61
2202
2718
3146
5944
9724
4997
2859
3151
799
7498
4090
1407
6191
7545
1176
5204
7343
1654
3834
7966
5209
9404
6813
8219
5438
7502
2450
8937
1761
4354
5167
8709
582
3051
4925
4834
2649
3579
2046
1437
4215
8606
1701
3761
9958
4495
8503
2569
3741
5307
3196
8807
3535
8238
7812
3874
9421
3893
1525
2158
5770
5681
1107
1255
2334
9450
1405
8290
2353
7059
3774
5585
7526
3742
3025
6453
6053
1071
6903
9210
7957
9995
1541
8119
651
6924
2232
3215
1990
2486
8425
4906
6635
9872
3987
5790
716
7548
8978
4772
8752
2583
5990
4098
3353
2496
6608
3338
1115
2533
6904
6210
5062
6558
9284
8061
7016
6175
7750
259
7653
1527
5713
4986
5562
6078
5361
7095
3483
4369
267
7483
8988
8591
9361
7728
7918
5195
6146
468
7503
7065
6182
9245
1315
6482
5049
5124
3056
4983
6652
3697
4829
9281
7782
3022
3297
1349
5160
961
7986
6459
1555
7455
9384
6502
3694
7901
5101
108
3908
6186
5342
4841
2393
6316
2800
1979
6852
1948
390
4846
4131
3581
2173
6368
9031
8168
4626
8393
4703
4761
8338
5537
8275
5922
3481
6753
1579
1401
8838
7595
816
534
1950
2547
7532
666
722
5135
6037
42
5729
2405
1354
7202
4662
3789
1535
1588
9393
1361
4616
2436
8669
8052
5172
8141
1664
5433
1915
7826
624
3861
8898
3734
3522
3193
7461
1416
3405
7122
1375
9672
4815
8292
8868
2528
3249
4064
4195
5134
7747
9026
5472
2591
5981
6602
1857
2390
7719
2218
1585
7266
933
4292
8993
9515
9165
794
7362
6093
1631
636
698
2300
6600
6338
4499
9888
7787
8805
7150
1205
9439
8278
5818
5378
5316
2364
6752
3362
672
4984
4266
5558
1645
8615
8262
9435
8518
1969
8719
4097
9213
4604
8392
6744
1655
5283
7105
5774
2554
9973
2678
9794
9060
7178
9974
162
6179
9633
8439
7528
8922
1290
870
9571
5654
4566
1916
9732
6646
7328
300
433
8088
7824
8240
9167
5386
3466
9736
2392
2283
4138
6921
2004
7056
6096
3488
2726
3172
8458
7421
1742
2799
8470
3100
3673
4956
3685
813
437
3135
1282
2238
7112
4471
9529
1662
6940
2310
3125
4720
3133
535
8705
4220
1001
6490
783
7290
8421
3173
9296
6151
2280
9555
7238
4103
9850
8274
70
857
9426
86
4707
7184
206
9569
1103
9991
9566
548
8866
8243
3951
8071
2366
2330
6016
6761
522
8528
5241
3467
3537
9590
9017
6140
2750
7738
9193
9760
1327
4510
2593
1580
1167
4985
3447
4864
7017
3819
8312
4757
8269
1521
1003
3171
6409
7165
1943
8732
8538
24
480
3111
5044
3831
3652
2041
1075
339
422
9577
9623
415
6808
6501
4547
8245
1961
5348
1019
6883
1494
2423
3225
2254
6585
5577
4519
3512
6068
9915
7863
2546
6920
6508
8688
5626
5783
3067
7269
508
3492
4647
4632
2400
2957
1681
2461
2373
8950
7674
5040
931
8711
9650
33
7494
3266
3755
594
640
1259
9427
9554
6227
3882
7234
820
4474
2503
7083
295
240
6468
3876
5255
9046
9191
3721
1406
8695
6127
6084
1982
4450
1254
9338
8990
179
4350
5947
536
213
2166
5521
2676
2206
3812
6350
5597
7174
576
7086
8509
132
9126
8735
5350
4625
5631
4120
5418
3440
8545
4689
147
7955
2098
7432
4843
1868
570
2529
8371
4099
2615
3229
7023
5710
6612
625
2534
3797
532
6721
2765
7836
544
1528
5528
1446
9015
4581
5203
1084
2468
4892
5752
6170
3662
5532
6994
3480
7447
3369
3377
5780
9039
284
8874
285
8581
5504
9845
4291
7664
5768
839
4397
1663
8134
46
3636
9801
2658
4731
2132
9239
3147
6184
7386
8210
2682
8040
8714
4084
9305
239
5847
9511
8833
6438
4207
7591
7057
4856
5679
9392
2441
2326
1993
9443
3461
6618
5624
9382
359
7600
4334
3275
3202
6764
1006
8372
2895
2753
352
5264
8497
2321
5078
8459
9592
9513
9398
7316
4848
1688
129
3050
5174
7889
4710
2052
6759
4654
9221
5235
7626
6377
6309
2831
2066
1343
2599
1166
5371
6559
3687
2614
645
9495
8259
8586
2833
3595
878
9347
3112
4661
1248
5891
8553
2835
2285
7925
6782
2105
8411
6621
2886
3968
6483
74
5489
8568
266
3730
83
4422
9389
9617
2814
8233
1909
6599
7418
9509
1260
2809
2121
1204
410
9844
8002
5894
1733
3504
178
7115
117
3830
8983
762
9062
1256
1767
2009
3979
5488
203
3158
1423
8934
4091
860
4656
1066
7726
5815
6271
953
5112
7895
3348
7442
9707
3939
9658
3444
4108
6511
7240
7549
2258
8474
3184
3315
3479
6361
3515
6549
262
3237
1394
8048
1975
8769
4584
5236
2618
5799
6950
6597
8130
9587
2650
9527
8996
9875
7964
6334
1199
1834
2668
5698
4136
4694
8903
2605
6129
5429
2146
270
1705
9246
2018
8377
4933
3873
7389
865
2572
5971
361
1653
1512
9998
2725
6346
260
5083
6848
1235
2190
1228
1432
7382
9796
1792
9128
6261
36
8764
3553
4801
1510
8753
5926
8021
910
5888
223
4613
3343
8427
9768
5925
6242
2419
6719
6205
2215
8522
1044
2671
3209
8413
194
2846
8236
5750
3218
7073
1836
7002
3065
9778
3877
9786
6674
8954
3996
9163
6912
9474
3189
8777
2240
9204
1632
1561
5975
1287
20
1972
2536
7413
3954
5340
637
4167
6134
1295
4649
7715
6489
2316
6986
4053
3974
2251
5402
7742
1520
6742
2022
8276
6108
4119
5854
7903
7722
4007
8091
5253
1466
5941
3895
9416
7416
9446
5789
1445
1476
9286
1904
2175
9951
2485
4472
1496
4623
7840
2822
9510
862
7196
9074
5844
4952
5370
8646
4249
5387
5864
1762
8692
5792
6202
4542
7213
4799
6835
6680
8188
112
2249
3493
1976
2068
4371
7379
5053
3331
4917
1721
6572
212
3922
4177
5497
2738
752
9229
8699
6083
9929
3495
7161
9268
6859
2108
4849
1366
6272
4282
5517
8037
859
6369
4779
4031
5760
5349
6080
6248
4237
2360
8931
3142
4825
3549
2337
5394
3398
4479
3230
5512
5486
145
5972
3252
7867
1986
3035
9498
7449
308
7492
2484
6748
3587
9208
8559
4705
2426
3564
1913
5695
8750
4254
6417
2713
4076
5680
9001
2196
9742
4718
5912
9880
4221
5359
4112
6675
9269
1111
9808
6649
2687
7614
3993
2697
9176
8241
2628
1316
2188
1703
4062
9595
2735
7460
5351
6948
5090
9634
8710
2260
333
674
7767
7619
2013
8796
3859
3912
370
3982
3007
2207
3555
9868
9877
8336
1801
7141
1030
3772
2109
9820
4494
6432
9460
8242
5880
7580
121
7667
7672
9319
1497
2204
6683
9295
2723
4415
1268
9358
8149
1367
9469
2990
9293
8020
5214
7770
5030
1201
2389
7730
2747
7603
3924
8087
8057
5427
902
2947
9946
2912
6232
9614
5100
3739
9568
8369
6720
4560
6869
7313
6974
2268
7705
8562
2001
50
2067
7913
7377
2213
7019
1358
4653
3334
2913
4781
323
7673
4657
3028
9081
8322
2629
7326
6990
8851
9428
8852
6462
1324
3680
5332
349
7272
1267
1113
1412
4402
5707
1094
4124
3640
1203
4302
6947
9753
326
2631
6802
7039
3364
7642
4111
5460
6247
3
9366
3659
6696
8473
8213
180
1426
9977
1050
5572
9179
6569
7097
2842
1623
7271
8264
2976
3892
1791
1025
5155
4515
9693
8590
5229
8624
3903
832
6268
499
5885
8602
9541
5117
8454
6094
2762
1970
2091
8723
2744
5627
1009
7209
2016
5166
446
4037
2825
2736
9609
9034
4578
9621
1936
9335
5966
4127
1912
8806
7890
9104
9448
1487
3143
1722
9097
5352
9618
6976
2471
1325
8865
9508
8603
5201
8394
1808
6789
3137
6768
2979
6116
2584
8015
3136
1624
4871
5254
4844
5582
958
7897
4818
6842
9809
6079
1314
7939
7339
5217
9099
9473
7605
7858
1391
7723
6376
7810
3672
8884
9390
7028
6914
1650
5952
2422
9148
1506
4898
3274
2519
7357
9726
7850
2303
7045
1252
7789
8782
3785
2863
4072
7297
9238
250
3459
5510
8678
5886
4061
8247
9348
2948
9181
986
6798
5499
9451
3233
7384
8726
6905
3054
708
2487
9219
8763
8246
8110
765
9107
7091
8230
564
7841
170
7544
2467
967
9624
7289
397
1741
7795
4378
4
7919
68
1824
4511
692
3195
9283
4464
9445
565
5505
4838
9767
4702
8953
4639
1830
2234
6837
9397
3923
7763
8987
1896
4736
9604
2707
5063
5960
8617
98
6213
2421
9298
6580
4044
7854
6162
8094
1215
1070
9523
2480
4830
764
8712
2453
5379
2312
6765
5056
8718
9207
8529
4075
541
5873
9070
8560
1374
1388
7251
2903
9891
3442
7134
7295
1345
4780
3980
5035
60
3614
4432
628
3643
6879
5052
7352
3577
936
3101
236
6901
3766
1467
9399
7912
7021
6010
3663
6156
5586
4055
4744
5607
3606
8843
9263
500
3188
9355
1233
2516
736
128
4030
6497
1430
7311
6530
6029
9635
445
7976
2118
6449
4808
4424
9061
2526
5785
9537
4521
9456
2879
4008
2880
4224
803
6286
49
7067
4914
7189
1435
8660
1110
7848
6301
533
3539
3960
6289
7486
6968
6894
7891
5223
9965
9610
450
1888
2760
9867
7172
6160
7773
7320
1564
6539
2806
7267
1633
5946
2395
3594
5720
4793
8461
2217
2386
5343
257
7244
2696
8909
5336
3870
6023
9065
9082
613
5232
247
1237
1956
5688
4234
8875
3170
9698
3542
2967
8524
9859
382
3408
3981
1100
6650
2634
3753
2124
5974
7576
9985
2772
7186
2084
6929
220
7101
9374
2578
4341
2445
4047
4465
5002
5643
5470
2706
4640
7257
6932
4941
6064
3425
6854
7222
529
4117
3074
5742
927
8569
5369
5237
1825
8291
2111
8430
8359
6216
6437
5899
9619
8558
104
1261
8317
1178
3917
671
9255
6255
5502
4669
8331
7315
6474
9419
9413
263
1046
9156
2057
2271
6538
9536
856
2301
4056
2983
7592
272
4162
8035
8365
4258
4800
8981
9396
7205
5882
3983
6413
7048
8957
5026
596
8781
8328
7731
6088
5324
7645
9574
5962
3243
7622
9169
1160
1889
472
730
6981
5724
4294
7648
4172
9381
540
7391
1011
9518
4028
2482
1673
5622
4343
7737
7982
1018
6353
3418
7757
5897
1524
3901
4203
1538
5802
7329
501
4729
9659
6961
6579
1418
9774
8225
379
225
3844
9040
6638
7821
3667
6456
7706
4960
8165
5495
3729
8092
3644
3620
3608
69
5991
4758
8551
4553
495
5676
5648
2160
3032
938
6588
7633
3276
6787
8929
4123
5846
8150
6051
1488
9781
7435
2557
8194
5289
912
8767
9594
8766
4152
4804
8415
3087
5306
8228
1630
2331
8072
2198
5602
4525
3002
8961
3371
8519
3027
1163
1795
9151
4104
5432
9072
1668
5611
9740
1355
6775
2598
6476
7703
1328
3705
5908
9963
1378
4658
4332
8451
2427
9430
4036
9674
5345
9596
5069
6008
4716
4288
9677
8895
8689
5677
2397
769
6595
3159
7629
2259
2805
1695
7256
9377
6909
1283
6611
6295
8804
6923
2141
6699
2375
4157
6577
45
5141
3711
9344
2847
4456
9716
9280
3282
1854
1165
4536
9364
724
5526
2483
5036
7523
2580
3551
7900
842
7988
9135
2655
6891
4972
8268
7929
1356
5484
810
3702
7681
9969
8325
5006
9168
9626
1920
1747
4441
2065
9788
5231
3192
559
4392
3300
9324
7128
5274
8298
43
3527
491
1919
626
7470
8580
633
793
6420
657
3333
8565
601
474
2253
8636
521
8798
6315
694
3298
8787
1425
8555
5573
9125
5199
2413
3646
4201
934
4386
968
827
1194
2020
3731
4606
2140
696
6512
6518
9146
3847
8683
2855
1350
82
1027
8003
5513
5017
7412
9043
670
4244
3930
513
2672
2379
7228
2093
6589
8631
3726
1128
5691
940
131
5898
5169
2575
1461
7733
9755
1422
8618
5829
1132
3795
2341
4049
8494
9605
4595
7846
150
3239
3048
297
6953
869
6736
8253
9341
5481
4836
6918
317
5326
6670
9201
2000
9976
9858
1847
7194
8947
7457
5007
5372
4768
6308
2946
3093
9289
761
4418
9821
7100
8073
2653
6389
1816
188
2541
3610
7117
7387
1382
4287
4876
7299
1438
8653
997
4833
8339
8273
7709
3411
9811
9437
8970
9562
8634
3715
2869
6943
6551
1517
1594
1403
3104
2504
6878
7307
9538
7510
6038
5913
654
5590
9949
8765
3905
9599
8658
4242
8501
4490
5855
6973
5808
5321
1032
3810
1790
898
2127
4042
9408
1582
7246
663
7064
1765
307
7844
8030
5849
7029
235
4016
2889
1672
7211
7408
5876
2028
1839
1603
5161
3574
9041
5145
2498
885
1511
1959
3588
6105
124
7411
8737
6630
7712
5423
2789
562
4792
3040
8221
6472
6836
2826
9803
5889
167
3259
402
8548
5568
4231
4214
8074
6340
8567
1092
9264
1136
840
9506
1869
2236
9368
1601
3379
411
2434
9359
163
2937
8808
2168
3167
704
3099
1096
158
8297
9935
6276
2527
2832
1257
3472
8583
2038
4240
9461
4478
389
7422
2294
3759
8229
5446
1593
1566
6035
5637
7864
5490
8504
4173
6867
5239
1093
4866
1299
1600
6749
871
7838
6510
846
5374
1470
3677
4687
7946
6913
3920
3867
3222
7429
1400
85
9152
848
6017
2128
4134
1122
7137
5604
1251
4891
4869
9224
965
9205
6702
1380
1307
2607
8084
659
1861
2056
460
2922
327
8889
8906
483
9628
6445
3565
6962
2031
1570
375
5128
4739
